epoch,loss
1,1.93787
2,1.62276
3,1.45850
4,1.37109
5,1.30654
6,1.24968
7,1.20002
8,1.15705
9,1.11994
10,1.08767
11,1.05929
12,1.03457
13,1.01305
14,0.99399
15,0.97656
16,0.95999
17,0.94367
18,0.92713
19,0.91012
20,0.89259
21,0.87461
22,0.85639
23,0.83814
24,0.82012
25,0.80258
26,0.78574
27,0.76977
28,0.75475
29,0.74067
30,0.72743
31,0.71490
32,0.70296
33,0.69148
34,0.68041
35,0.66972
36,0.65945
37,0.64965
38,0.64040
39,0.63176
40,0.62375
41,0.61638
42,0.60962
43,0.60344
44,0.59778
45,0.59258
46,0.58774
47,0.58319
48,0.57882
49,0.57455
50,0.57026
