epoch,loss
1,1.84906
2,1.53943
3,1.35051
4,1.21999
5,1.12449
6,1.05722
7,1.01025
8,0.97799
9,0.95693
10,0.94393
11,0.93599
12,0.93039
13,0.92495
14,0.91820
15,0.90939
16,0.89841
17,0.88560
18,0.87151
19,0.85689
20,0.84246
21,0.82876
22,0.81603
23,0.80435
24,0.79369
25,0.78393
26,0.77489
27,0.76635
28,0.75805
29,0.74978
30,0.74142
31,0.73291
32,0.72429
33,0.71561
34,0.70697
35,0.69842
36,0.69002
37,0.68175
38,0.67359
39,0.66549
40,0.65737
41,0.64915
42,0.64075
43,0.63208
44,0.62307
45,0.61365
46,0.60377
47,0.59339
48,0.58252
49,0.57118
50,0.55938
