epoch,loss
1,1.03286
2,0.93355
3,0.84490
4,0.77817
5,0.71488
6,0.66612
7,0.62801
8,0.59680
9,0.56242
10,0.51521
11,0.45791
12,0.37769
13,0.28345
14,0.19945
15,0.14081
16,0.10345
17,0.07916
18,0.06414
19,0.05349
20,0.04517
21,0.03845
22,0.03302
23,0.02867
24,0.02519
25,0.02239
26,0.02010
27,0.01821
28,0.01665
29,0.01532
30,0.01417
31,0.01317
32,0.01228
33,0.01150
34,0.01081
35,0.01020
36,0.00965
37,0.00915
38,0.00870
39,0.00829
40,0.00792
41,0.00758
42,0.00726
43,0.00697
44,0.00670
45,0.00645
46,0.00622
47,0.00601
48,0.00581
49,0.00562
50,0.00545
