epoch,loss
1,0.98200
2,0.82853
3,0.75066
4,0.68269
5,0.61635
6,0.54836
7,0.50694
8,0.45287
9,0.39883
10,0.34216
11,0.29115
12,0.24484
13,0.20273
14,0.16445
15,0.12962
16,0.09814
17,0.07264
18,0.05542
19,0.04453
20,0.03723
21,0.03196
22,0.02792
23,0.02469
24,0.02206
25,0.01991
26,0.01813
27,0.01664
28,0.01537
29,0.01427
30,0.01331
31,0.01247
32,0.01172
33,0.01105
34,0.01045
35,0.00990
36,0.00940
37,0.00895
38,0.00853
39,0.00814
40,0.00778
41,0.00745
42,0.00714
43,0.00686
44,0.00659
45,0.00634
46,0.00612
47,0.00590
48,0.00571
49,0.00552
50,0.00535
