epoch,loss
1,0.99014
2,0.73268
3,0.58947
4,0.47974
5,0.40942
6,0.36556
7,0.30331
8,0.23588
9,0.17541
10,0.11891
11,0.07853
12,0.05520
13,0.04175
14,0.03360
15,0.02837
16,0.02494
17,0.02238
18,0.02018
19,0.01826
20,0.01656
21,0.01505
22,0.01372
23,0.01249
24,0.01137
25,0.01038
26,0.00952
27,0.00877
28,0.00811
29,0.00752
30,0.00700
31,0.00653
32,0.00611
33,0.00574
34,0.00541
35,0.00512
36,0.00485
37,0.00461
38,0.00439
39,0.00419
40,0.00401
41,0.00385
42,0.00370
43,0.00356
44,0.00343
45,0.00331
46,0.00320
47,0.00310
48,0.00300
49,0.00291
50,0.00282
1,1.06816
1,1.00812
2,0.83151
3,0.75149
4,0.71938
5,0.67584
6,0.61248
7,0.54506
8,0.48700
9,0.43110
10,0.37037
11,0.30743
12,0.23799
13,0.16920
14,0.11240
15,0.07880
16,0.06238
17,0.05040
18,0.04167
19,0.03489
20,0.02971
21,0.02562
22,0.02228
23,0.01954
24,0.01731
25,0.01548
26,0.01395
27,0.01268
28,0.01164
29,0.01079
30,0.01008
31,0.00946
32,0.00891
33,0.00842
34,0.00798
35,0.00758
36,0.00722
37,0.00690
38,0.00661
39,0.00633
40,0.00608
41,0.00584
42,0.00562
43,0.00541
44,0.00522
45,0.00504
46,0.00487
47,0.00472
48,0.00457
49,0.00443
50,0.00430
